0.15857917208475902 0.2628536960873835 0.20120409274985626 0.17086092961642693 0.20650210946157438 
0.48756848829308114 0.02149178146762487 0.06826801234401958 0.42267171789527436 0.0 
0.4363069902013634 0.1032333490563105 0.05298013098709431 0.3957927347626031 0.011686794992628518 
0.477177090529536 0.03140175021203983 0.15603755012523932 0.3331175034664293 0.0022661056667556702 
0.36222092623745406 0.18066978681118598 0.08519389015401244 0.31639248463549724 0.05552291216185036 
0.40091061749314655 0.107596451101411 0.2468248251054025 0.19769949922677654 0.046968607073263516 
0.39628312880628525 0.08226291879199252 0.2823175800212254 0.15987974967359098 0.07925662270690584 
0.4245907258341235 0.10240334721128616 0.08394287975646433 0.3608498811983245 0.028213165999801493 
0.43876301756939673 0.07287201217639004 0.14115125013225116 0.3230251125730176 0.024188607548944505 
0.46740375042634236 0.043080440123801106 0.08959206669310972 0.3900114284495233 0.00991231430722355 
0.45028649013371574 0.06909336180375114 0.11796428007062278 0.3501853582615776 0.012470509730332799 
0.1842028525872003 0.30399300548568514 0.09151850698642326 0.4170795728473228 0.0032060620933685234 
0.30653951953566394 0.026975479477231862 0.30408718626334424 0.31798364402686824 0.044414170696891804 
0.19099948049404813 0.06314320545275857 0.33542647024411726 0.23129251063370182 0.17913833317537428 
0.05822586510530537 0.02266510309144505 0.44196949190420637 0.05978897885094884 0.41735056104809437 
0.019256017925180786 0.027571113730886887 0.4533916482454627 0.0258205696480578 0.4739606504504119 
0.011731392154998438 0.07402912926004385 0.4118122772228595 0.014563107203956044 0.4878640941581422 
0.33414487050176805 0.048995738377663946 0.15337795335225302 0.31162508975270403 0.15185634801561085 
0.30874740690202135 0.06366459856340854 0.18659421191997844 0.270445128800875 0.17054865381371656 
0.40422432900159166 0.09395484230392868 0.07246904508940123 0.37909686931076403 0.050254914294314335 
0.4090909019635977 0.1214545334282004 0.06290908670881083 0.3763636614782497 0.03018181642114136 
0.34083899242756655 0.14929056255769438 0.3161628538211562 0.15144972330686932 0.042257867886713624 
0.31246768133366243 0.1585618156986314 0.2739265417281205 0.1720124067880875 0.08303155445149822 
0.38497791354866384 0.11458026580112796 0.11075110201826359 0.3322533142844451 0.057437404347499506 
0.4168891840417499 0.08611482232060463 0.10113484496214488 0.35480640920057294 0.0410547394749276 
0.466019415043322 0.03236245997975974 0.07079288113508407 0.4114077671004811 0.019417476741353093 
0.425849841042246 0.09787075667600224 0.06350392459497396 0.38625325234713953 0.026522225339638387 
0.14687601471830725 0.3333333485659561 0.12823029010753306 0.3788027420472062 0.012757604560997476 
0.30733545037312915 0.02406494593614214 0.30704553227225184 0.3082052738026329 0.053348797615844004 
0.0825082530507049 0.05577557084081931 0.3983498313919687 0.09669966601129273 0.36666667870521436 
0.22121267491859892 0.13981086815086424 0.17708139883976368 0.2204709822729617 0.24142407581781153 
0.205868212051718 0.049543053621075535 0.2664742523906833 0.19528619431409266 0.2828282876224305 
0.20625697987631225 0.06055865502931191 0.2417877145262846 0.20223463205482584 0.28916201851326534 
0.333333331849154 0.05046480638143684 0.16972111711111817 0.2953519228774898 0.15112882178080125 
0.3000603719517986 0.06963171265125466 0.19480781516000198 0.29543167353109495 0.1400684267058498 
0.38242650645345266 0.09443402354424221 0.10725453927322467 0.3467792379094582 0.0691056928196222 
0.37465899737375086 0.10851772760953 0.10821460936479876 0.35040921258046914 0.05819945307145113 
0.330518000908061 0.14836712664396537 0.3088401000372502 0.16216216209838458 0.05011261031233874 
0.298987143246865 0.1254382459356583 0.28554732902493113 0.19536424697797952 0.09466303481456595 
0.36968527833972886 0.11568193599282267 0.11816675185289531 0.3246824894079744 0.07178354440657858 
0.38042864111038605 0.0817822901020234 0.13451776727671708 0.3384094854585326 0.06486181605234102 
0.4251559325965576 0.034650033120602976 0.10464310598132938 0.38773388106546275 0.047817047236047155 
0.37124569456681517 0.07705563153455341 0.1506646962042575 0.3461349125157233 0.05489906517865052 
0.15129268601279544 0.3278008137986893 0.12639641796352086 0.37599747503561265 0.018512607189381684 
0.2987633517177557 0.027543561916255527 0.3080382233231894 0.3001686342790463 0.06548622876375304 
0.09409320303470751 0.08043930693914605 0.3698426834360961 0.10418522165373023 0.35143958493632005 
0.22665457333505268 0.14853430673379572 0.19688726661732966 0.22710788568323226 0.2008159676305897 
0.26691996321330247 0.08002849613518725 0.18356685228715802 0.2652576574765556 0.20422703088779653 
0.3081439902802166 0.07122797926064738 0.1707939833058185 0.27801888732844615 0.17181515982487147 
0.36270491828475115 0.06323185316397241 0.14314987921821537 0.3275761106382121 0.10333723869484894 
0.3987206804383851 0.09523809263769208 0.07107320678538738 0.3816631189382796 0.0533049012002558 
0.40464507818105255 0.11023879565651759 0.09519136229039564 0.35034347251180875 0.039581291360225555 
0.3359004657395556 0.15047392718050004 0.30746445945634254 0.15610190514843225 0.05005924247516944 
0.2980700374864616 0.16773886448798958 0.25875625088230864 0.17703122437749935 0.09840362276574091 
0.3743793399117511 0.11221450410038832 0.1442403094998636 0.29419067473659993 0.07497517175139708 
0.39718402872520236 0.09757694214516671 0.09037328004614396 0.3569089728790824 0.057956776204404516 
0.4431950454187945 0.04187669782764026 0.0666925190835317 0.4071345357913901 0.04110120187864338 
0.4151921772156301 0.10036608048736124 0.1205003040093436 0.33007932654238387 0.03386211174528114 
0.160944203594031 0.3154506256140696 0.13948497831347006 0.3592888003293561 0.024831392149073293 
0.3093369493612373 0.027334234769405306 0.310419479407359 0.29120432912126226 0.061705007340736244 
0.09480873972021828 0.10109290136208735 0.3431694131993971 0.13989070445652227 0.3210382412617751 
0.2631678572192648 0.1339522604702641 0.17241380052667246 0.23512693235394524 0.19533914942985348 
0.22745600475525118 0.08962610190787834 0.2247067404949269 0.22745600475525118 0.23075514808669245 
0.2877660693133282 0.10053730300911694 0.24705517258365653 0.24323207469615316 0.12140938039774507 
0.2880651243567168 0.07639009004461524 0.22518622131995814 0.25463364084917295 0.155724923429537 
0.3125711021975824 0.0782138772999908 0.16154720593168145 0.3017633696365443 0.1459044449342011 
0.3061510698773174 0.13684631816968937 0.27349228704303646 0.19735524247109285 0.08615508243886397 
0.3086598967721673 0.13086599265096074 0.31107885910010435 0.16400579961274278 0.08538945186402473 
0.29187421168567623 0.15877957940669354 0.20516811992707384 0.2373910373459486 0.10678705163460776 
0.3951944434968702 0.10780904488624894 0.10085361809540518 0.35535882932298085 0.040784064198494674 
0.3571739122526903 0.09456521336782363 0.16304347910812664 0.3045652209621517 0.08065217430920767 
0.39848749547253765 0.08435136856433109 0.12303664643696528 0.3583478764151456 0.03577661311102023 
0.19488675423743257 0.25947521111422917 0.18569186552781458 0.29333931147883197 0.06660685764169182 
0.2978482318755145 0.026330692029791963 0.3128539207601217 0.29020385171358704 0.07276330362098483 
0.2512859617840977 0.1426938396788992 0.3177748120327974 0.12249952725000059 0.1657458592542052 
0.2595526550226642 0.18390804787754764 0.2388940632093074 0.19711091162301467 0.12053432226746616 
0.33287100971314637 0.10454230314480388 0.24375867581255256 0.21151177744310246 0.10731623388639473 
0.28039107611709757 0.11971960094708171 0.2820512760603412 0.17801143823399554 0.13982660864148394 
0.350683884043793 0.09384497951551315 0.1897796287352312 0.27165654970845293 0.09403495799700967 
0.3338150207958082 0.10657514314514259 0.1739523157513328 0.3003974009129255 0.08526011939479086 
0.3478803036610973 0.10598503748587931 0.1762261005789579 0.2803408099131364 0.08956774836092904 
0.33605312033156165 0.1373814043769142 0.18311196585137185 0.25009487468883995 0.09335863475131237 
0.2999375159008265 0.14809413710971775 0.27869194333294645 0.18454488993819887 0.08873151371831045 
0.3541000958377312 0.11687966801535443 0.28966985422311264 0.16533546785527947 0.07401491406852231 
0.30476701985220306 0.14550972601698467 0.20835564771168283 0.2415640023687107 0.09980360405041871 
0.4042737448029327 0.1019347379689794 0.12792377420791648 0.32775050394400546 0.03811723907616607 
0.34003152827358946 0.10953506587118979 0.2005516141990003 0.26044129335908517 0.08944049829713534 
0.39279999453445263 0.10346667627877681 0.14266666521198215 0.30986666212426284 0.051200001850525576 
0.1975199360056998 0.256643031450709 0.20283437110642372 0.2745792779625675 0.06842338347460007 
0.3277666473785705 0.03629481247963013 0.28724114295846903 0.2845691401371129 0.06412825704621751 
0.25147118051829104 0.1429972629297332 0.31502549223618237 0.13789720752680018 0.15260885678899322 
0.2813157506053966 0.17077834077802467 0.25664562917304495 0.19219735890399042 0.09906292053954342 
0.3048780504095966 0.09349593804534928 0.21196282806900643 0.24061168752149692 0.1490514959545506 
0.33374613846427237 0.11222910015051028 0.2054179644583794 0.2594427107780844 0.08916408614875354 
0.26637302546025043 0.17273076067966373 0.12906931938393781 0.2598621253963916 0.17196476907975644 
0.2896854550527445 0.08205315839620211 0.2694464730274325 0.21543524581233806 0.14337966771128288 
0.25410597805718355 0.0796405250691967 0.23613263815894292 0.23225905664738944 0.1978618020672874 
0.24049781233818635 0.1086444663449075 0.22822065867304234 0.1964345815969352 0.22620248104692853 
0.19249610796391767 0.11781574133478144 0.2944198919393125 0.1353805724543036 0.2598876863076849 
0.277429118869521 0.07963643926281261 0.2785111605117038 0.25773642017360204 0.10668686118236052 
0.26066861353837695 0.12509628913994325 0.24957634589130748 0.216299487854139 0.1483592635762334 
0.30619545620670047 0.1034482787201694 0.18486192262608384 0.2888825281958838 0.11661181425116256 
0.2771101359517543 0.09741268585980219 0.2443093610556401 0.22960554449018064 0.1515622726426228 
0.3225998827665383 0.08228979975249037 0.16597097559705523 0.30948122177170656 0.11965812011220955 
0.2176801925260037 0.2101690086263607 0.22461359967156286 0.23472483062251517 0.11281236855355767 
0.2744429784803034 0.036435124925220864 0.2875491573209273 0.2692005194430621 0.13237221983048625 
0.24337009432178794 0.08378315287249706 0.20934052777592083 0.24290072697137505 0.2206054980584192 
0.21806203118641287 0.1476779677301251 0.2362204623266474 0.20167122306923743 0.19636831568757723 
0.12238805828205251 0.312134995813833 0.16080467194644155 0.17624918328130942 0.22842309067636338 
0.26517039503391715 0.10584649578527218 0.2353837627302919 0.2202826313284022 0.17331671512211655 
0.3231075847384533 0.06653386439954954 0.18067729072744648 0.30378485171902997 0.12589640841552074 
0.28220077347509104 0.13026050870814496 0.19602841947422397 0.23337584952960488 0.15813444881293515 
0.2737967920842804 0.07540106717476341 0.28217469756764524 0.26078430149307247 0.10784314168023844 
0.2072489590108623 0.18775994702557458 0.21033868249627893 0.21200238520622838 0.18265002626105567 
0.2831004198596514 0.0909090890306129 0.30672814373431734 0.19910675129283595 0.12015559608258242 
0.26560844591592414 0.14457673300124368 0.22685184908861333 0.21719577021110698 0.14576720178311195 
0.3647511389742077 0.09954315787951953 0.14426545903108795 0.3358980479293502 0.055542196185834634 
0.2511107197364169 0.15265683196228502 0.20721521913088703 0.208636917566415 0.1803803116039961 
0.377519143538459 0.08032926734964814 0.10786262048350395 0.3585012859112894 0.07578768271709961 
0.21635688466290243 0.20104087524025957 0.2215613406324976 0.2452044689707197 0.11583643049362068 
0.27055837460082144 0.04263959338428205 0.28527917873177033 0.266243663973517 0.13527918930960917 
0.2278481107377079 0.1575497300396006 0.24061934846232572 0.20174049597427765 0.17224231478608815 
0.13235294713133375 0.1251935043179215 0.2921826636217001 0.14551083392710298 0.3047600510019417 
0.19973289618502268 0.16931294585634094 0.25241133855664727 0.14764802374316865 0.23089479565882046 
0.07034990641292793 0.25782689057814817 0.20755064627651856 0.1064456676121286 0.3578268891202767 
0.24535724710184018 0.16906046600969474 0.2180038461277785 0.22111425871891544 0.14646418204177117 
0.33607246552567965 0.12410450928357676 0.16266328890582496 0.30994523548744285 0.06721450079747576 
0.2671828561586068 0.17151039574334923 0.20927025458029233 0.2207254986213356 0.13131099489641596 
0.3641672925206727 0.1119065559619194 0.19498869343950195 0.2364355715676116 0.09250188651029445 
0.2176478296544193 0.18486954170939732 0.21332109664599036 0.24190377086128653 0.14225776112890645 
0.2850283755198813 0.14797031700464255 0.29877782206614345 0.17197730409639556 0.09624618131293712 
0.2638726668904723 0.1788843482246435 0.2263434664450274 0.19582359105123648 0.1350759273886203 
0.2345235491979783 0.18525387722886336 0.21435195820910613 0.19754231517477133 0.16832830018928086 
0.2343600181508986 0.17936694127875327 0.21688159580916852 0.24395182413420446 0.12543962062697522 
0.39633027756687467 0.0929663618476104 0.11345565880430114 0.34311926130266956 0.05412844047854409 
0.18556037520600813 0.2574368890268873 0.19295706360071663 0.22704614841247908 0.13699952375390878 
0.28155088252802785 0.04397606089757399 0.29976580154868 0.2753057488233218 0.0994015062023962 
0.17761170307441554 0.23390045687710473 0.1294323464879241 0.19987279161346758 0.259182701947088 
0.12732291666956008 0.14517019246138246 0.2862925521422234 0.1510579579566829 0.29015638077015127 
0.2599524104447125 0.15003964976966128 0.2540840614018185 0.1760507574044765 0.15987312097933118 
0.22363181109347346 0.12759994466462918 0.2215666011559842 0.19678418741662143 0.23041745566929175 
0.25680216860726 0.1222764222293066 0.24563686543096583 0.2080216774388111 0.16726286629365641 
0.3064253400061177 0.05773755604736644 0.2117647045715108 0.29936651014301824 0.1247058892319868 
0.3159873047354806 0.09984728897249881 0.23223306849437295 0.2374016236319636 0.11453071416568408 
0.3059600483089474 0.06417203208954761 0.23416864599086318 0.29732474219139615 0.0983745314192457 
0.25740507857890393 0.1340564563946008 0.27311918671654584 0.19162842465911256 0.14379085365083685 
0.23611339138013582 0.10830738685454191 0.3091922031670441 0.13304932126704214 0.21333769733123611 
0.2554927596464124 0.16572504701253338 0.22745345773067427 0.20914416814481196 0.14218456746556796 
0.270451836559861 0.08207087973618715 0.23356606984929612 0.2351468846087702 0.17876432924588542 
0.23150357194073867 0.16348448621172987 0.23765376003804572 0.19460253089813861 0.172755650911347 
0.3015006867910152 0.07617098722603032 0.16984993439142546 0.28672122824961804 0.16575716334191096 
0.22299392091361184 0.19211212109413703 0.24110132843926416 0.215180441732874 0.128612187820113 
0.25978391428284714 0.04945978282258947 0.29483794155945464 0.253061226080599 0.14285713525450983 
0.23578171241541707 0.090490445520345 0.21252590893967577 0.24084735254181208 0.22035458058275012 
0.24003168044254264 0.10588856507233624 0.19593346467657863 0.2521785000209321 0.20596778978761038 
0.28024241439353625 0.08678788123725212 0.18278787719858575 0.2681212133640429 0.18206061380658298 
0.3128667042780097 0.1200709503152208 0.23304679070393744 0.22704325549525645 0.10697229920757553 
0.3194169272512545 0.14576846067834862 0.20209454390620207 0.19657515066198464 0.13614491750221028 
0.23896162106561858 0.2081207075823177 0.19037053184415711 0.18548923285491772 0.17705790665298887 
0.2813429670276168 0.1961325933213109 0.2651933762066495 0.14088397714557618 0.11644708629884655 
0.24624408207750953 0.17596213526287982 0.22484048254595773 0.20539207235190945 0.1475612277617436 
0.3063121823598137 0.07649649580890265 0.19621595362804758 0.28429293661346056 0.1366824315897755 
0.2916083875219399 0.13706294431221475 0.22125873302284185 0.244615384518996 0.1054545506240075 
0.3606374012349751 0.14006150558980293 0.09728823248001764 0.35364831085624127 0.04836454983896302 
0.24205995806602607 0.20584743701460534 0.2137132688949746 0.264618574256992 0.0737607617674019 
0.2653137843376589 0.09507703860545207 0.2946260764291574 0.20950770916288905 0.13547539146484258 
0.14177254035537265 0.2804462277962408 0.09048652089012683 0.14673070663475782 0.3405640043235018 
0.2186776480022174 0.14458450612613455 0.2444044352926518 0.16478003767602759 0.22755337290296865 
0.24632722732744838 0.170054345783494 0.2662507485758217 0.12899979643132803 0.18836788188190795 
0.08808959404302491 0.1643334069078149 0.2877450069856844 0.09347404490191014 0.36635794716156567 
0.289486986203574 0.15011371891625272 0.23755370208015308 0.22251706356258866 0.10032852923743157 
0.27996844965556694 0.19302050290843695 0.12223975201735436 0.265181397472652 0.13958989794598967 
0.28731264540059187 0.1281401726060854 0.2196537865640417 0.23274224674376567 0.13215114868551534 
0.33063364127957934 0.12958551341766159 0.11719866584087947 0.31157693740939113 0.11100524205248843 
0.21127381265635287 0.1968512604579931 0.20246614528816093 0.21083342206950123 0.17857535952799186 
0.3156012051028839 0.10405972553586908 0.26940425920589023 0.20049773076188893 0.11043707939346774 
0.29008681421032706 0.14009440751005567 0.26526572284069405 0.19278208172702094 0.11177097371190227 
0.2792711402351219 0.11889376391014488 0.19824244101993618 0.24399069142753707 0.15960196340725996 
0.28012047415531094 0.12337350127545013 0.24662651308599273 0.2271084336321279 0.12277107785111827 
0.3316702328808331 0.06343549518002466 0.18080304938856492 0.29436919674267364 0.12972202580790382 
0.23701964769347356 0.20123203273219717 0.2383396921303788 0.23232619715941083 0.0910824302845395 
0.259888034016967 0.08596713074971254 0.2530250924804631 0.2391186623396032 0.162001080413254 
0.2524061494327259 0.09287776865485238 0.1953801780660991 0.24783446154973657 0.21150144229658613 
0.25309780613859445 0.09992091161191417 0.19456893737180017 0.2549433186544531 0.197469026223238 
0.2981401760226802 0.12882740395899828 0.22011793968873006 0.2475618025533742 0.10535267777621732 
0.34072759121500784 0.14965986596372774 0.07305530880396281 0.33924874018958834 0.09730849382771324 
0.2977932675944974 0.12926828516106117 0.23391406272101925 0.22682926493922517 0.11219511958419699 
0.24097213027811082 0.18995759244174537 0.17551301527882215 0.21437579027339346 0.17918147172792812 
0.3043161937574578 0.1571290017648271 0.29607179047604 0.11008729434667307 0.13239571965500205 
0.25226941813883397 0.14961336182697454 0.23646755445656456 0.20822593512809642 0.15342373044953048 
0.303533725270265 0.08193720651647152 0.20470224176282828 0.28241587414745795 0.12741095230297714 
0.3210001182179872 0.1235004413415814 0.21290566926174803 0.2643010553364072 0.07829271584227628 
0.3756974685545752 0.13019218988387662 0.0867947887330658 0.3555486596562063 0.05176689317227611 
0.24662072178557579 0.19891334081229628 0.22528491286369892 0.2450304799658477 0.08415054457258118 
0.2527556152903466 0.09901179003130961 0.2882934175463446 0.21227669903194002 0.1476624781000591 
0.23281087971500197 0.11473354685428873 0.2148380308306513 0.20564262267041625 0.23197491992964173 
0.2217119032460077 0.1983298480447197 0.23820459500858923 0.1352818363391098 0.2064718173615737 
0.16740900472002612 0.14053141160167756 0.30379358398203904 0.12594071479434865 0.2623252849019086 
0.3212978736264549 0.12966577006495655 0.21993170457491978 0.24505976652730196 0.08404488520636681 
0.29959016881137096 0.140573771160464 0.12499999358284397 0.2770491823417507 0.15778688410357042 
0.2918724348109255 0.11460905284078106 0.23960904569058067 0.24084362224249756 0.1130658444152153 
0.3242784364610004 0.09451046994899043 0.1669496327466125 0.2925863062508026 0.121675154592594 
0.22106314507278213 0.1959826800141351 0.21507048045897995 0.19453999757620274 0.17334369687789994 
0.2921120966658135 0.10748338051566746 0.28272177340896754 0.185784456094532 0.1318982933150195 
0.28589660615754175 0.14103381420861819 0.2752074052410737 0.1837906939493391 0.11407148044342712 
0.28478318110216333 0.09643522067515806 0.24328277672624457 0.22878425987152326 0.14671456162491084 
0.2709982555864905 0.13148966077248586 0.22648298013681367 0.2242212513619306 0.14680785214227943 
0.29862046097575495 0.0847913916391531 0.21349259254411207 0.25168236402456234 0.1514131908164177 
0.24929561949674237 0.15214696741233946 0.2017356001994657 0.23160148390530336 0.16522032898614916 
0.18932120281415826 0.15950816793758368 0.18797371817580388 0.20633317378445648 0.2568637372879975 
0.23152612590744368 0.16520712438604981 0.18646068700995458 0.2218832992029519 0.1949227634936 
0.1967253258610581 0.21089930652415353 0.19525903994462201 0.19460737026277483 0.20250895740739153 
0.1759956949909041 0.17236276296203928 0.2431377780384534 0.1603875063320741 0.24811625767652903 
0.23484211189950968 0.20694736424730348 0.18357895563658413 0.19905263499999187 0.1755789332166109 
0.2759851003834549 0.1725100860613975 0.15932362628326427 0.23937323826204962 0.15280794900983372 
0.23518663739683038 0.18089271188205516 0.21343426591910877 0.20830070492270708 0.1621856798792987 
0.266121712881601 0.1678474057287054 0.1398728403911518 0.2688465058865378 0.157311535112004 
0.1737096020121159 0.22824974269933138 0.18833164355164753 0.1916946911429231 0.21801432059398201 
0.24849215615011255 0.17142473298582192 0.18442568748085983 0.22932582377958702 0.16633159960361868 
0.25062583062519617 0.16639670099595824 0.17626270461921772 0.24120159124020385 0.16551317251942396 
0.1869666461040039 0.21474009795233315 0.16757176674832466 0.2854926317511424 0.1452288574441958 
0.18254616294622783 0.2302663864875235 0.16522308010838926 0.22699788176203134 0.19496648869582814 
0.19947505671809618 0.22491419457247924 0.20573389355906893 0.29921260754697077 0.07066424760338501 
0.1504802511877637 0.27054429809214514 0.16115262080783097 0.28833154545213807 0.12949128446012198 
0.226204017133881 0.176336741064858 0.29332576438016306 0.1884717450674128 0.11566173235368522 
0.24004743761032607 0.1973572858392923 0.24665423310944296 0.20481110743802386 0.11112993600291475 
0.13054762116959417 0.2935374914817491 0.18089799970130918 0.28756814732775193 0.10744874031959574 
0.2517453327680662 0.1891929640550131 0.2299636887725146 0.17760401372235624 0.15149400068204982 
0.25397399306253815 0.1298771664448187 0.24620665516906898 0.24999999120997035 0.11994219411360388 
0.2513597800993999 0.09940979007242488 0.3023955664242144 0.1936118526159015 0.15322301078805944 
0.2686114395373081 0.040606769604757204 0.3173862324731851 0.2648774763768202 0.1085180820079293 
0.23472614683540574 0.06309305629880502 0.3301148709822257 0.21142000668781383 0.16064591919574964 
0.23945632683730125 0.03457925218457562 0.34759145047021917 0.22406555648697685 0.15430741402092718 
0.2817541171189583 0.08645262351415219 0.30289742021236155 0.22599842953167593 0.10289740962285192 
0.16151521484625586 0.21612828042973617 0.09109923013919374 0.16662793049300606 0.3646293440918081 
0.1631419877993796 0.20966768143219353 0.11560925777306663 0.1548841813280125 0.35669689166734775 
0.2659330535312935 0.07351367518219146 0.2177900109128299 0.26822557763509064 0.1745376827385944 
0.19135392929919245 0.14029969351221233 0.2824559103502518 0.14374751515346218 0.24214295168488123 
0.181550902692409 0.15741761493441042 0.21842460120767954 0.17750827221554757 0.2650986089499534 
0.18087035120515246 0.15582502515006597 0.25770626411428327 0.16772439273151096 0.23787396679898734 
0.23033159502320436 0.079973993301158 0.29486346761278504 0.21505201387076317 0.1797789301920894 
0.18979986632176246 0.07876049274585968 0.25995264721167866 0.18678717028861563 0.28469982343208355 
0.2903071529066814 0.11760487008069197 0.21465279729384273 0.2495518249028939 0.12788335481589003 
0.2802899560672901 0.14687607632788802 0.16448049475657428 0.2699344254972913 0.13841904735095614 
0.24658165138126967 0.17345214345014404 0.1591642255766135 0.24381626682720078 0.17698571276477207 
0.19575929639454628 0.21188592626904454 0.1857548120575667 0.18500820981154742 0.2215917554672951 
0.23297864070640087 0.18306081748825978 0.21256164513535908 0.20555411105130023 0.16584478561868002 
0.2522259638922975 0.16226590009865605 0.17331900243375908 0.24669942187498328 0.16548971170030405 
0.20249361234797844 0.2077512310097074 0.1647889505892759 0.2890190725448143 0.13594713350822388 
0.2044321287441981 0.21135734641798964 0.2156509612323424 0.2462603899983175 0.12229917360715217 
0.18452121030269278 0.2418014836668138 0.1849584587272553 0.3283777924122117 0.060341054891026334 
0.15228239493714252 0.26501569960248095 0.17723157144859314 0.27776750288885954 0.12770283112292374 
0.18038252298998383 0.2074047940015315 0.2435515016255801 0.23916477135593728 0.12949641002696738 
0.2522918297528036 0.18831168375754642 0.25954927595507016 0.19766997743873688 0.10217723309584284 
0.1474123098940386 0.26833456820231 0.20407160701809712 0.2788815351589421 0.10129997972661225 
0.2182967101240402 0.21872756190812953 0.2010627586032113 0.17147781391391248 0.19043515545070666 
0.20742306201724978 0.20660089035110826 0.20965468682713215 0.21482266301876746 0.1614986977857423 
0.2337802040242491 0.15520109869170828 0.2511008861764583 0.20011743147754385 0.15980037963004057 
0.23241017821097684 0.05089820344723782 0.33065119113931984 0.21818862604776906 0.16785180115469642 
0.2198881139916303 0.1568668821768365 0.2524015577671025 0.19613638321406426 0.1747070628503664 
0.24536464447461034 0.03667078730852209 0.3388957507733702 0.23877215473361812 0.14029666270987926 
0.28730335714057564 0.07262037404161711 0.3093913822801576 0.2235817565953598 0.10710312994228977 
0.3065734295767586 0.013706293051193483 0.33286713173218446 0.2965034954159135 0.05034965022394979 
0.2657604118368238 0.1320305802749935 0.23500425313338358 0.2474086633456738 0.1197960914091254 
0.2605355647362333 0.07440737423541222 0.2644864002027762 0.25834063288562975 0.14223002793994868 
0.20119019925058088 0.1334401438920733 0.27031357612874285 0.14957656260698723 0.24547951812161578 
0.19920402202925527 0.13385002484539552 0.21365729966369193 0.19197737696940542 0.26131127649225183 
0.1691101690318629 0.13935259614475995 0.2733343002621798 0.15052983818271398 0.2676730963784833 
0.1931772562063123 0.1048829402372688 0.2917725862040002 0.17993309645146446 0.2302341209009542 
0.1497427997327868 0.10059058939100828 0.31167841957321935 0.10497237668459981 0.33301581461838564 
0.04922279854449006 0.05995558871475989 0.4056254504891634 0.03849000837422024 0.44670615387736634 
0.33253807408398023 0.1154340201371186 0.17856487859109405 0.2828041938571694 0.09065883333063773 
0.32425352999436535 0.08067050699536547 0.15165008730979926 0.30434782595968896 0.1390780497407809 
0.29207682875431173 0.13157262564058256 0.2249699985193771 0.22869147497794223 0.12268907210778637 
0.2878006918413212 0.10695876958258217 0.19115119908328046 0.25150343539097203 0.16258590410184412 
0.24488772529381062 0.15669300994247592 0.2452640772952066 0.20888219736721197 0.14427299010129496 
0.2993427613698132 0.10316670214858449 0.32483569470136187 0.14319856252068278 0.12945627925955763 
0.27570885733144385 0.1506559397066281 0.23264917993376297 0.22683029847415012 0.11415572455401497 
0.30947184760962215 0.0781318197446254 0.18856394215488143 0.2821911840076576 0.14164120648321338 
0.3127962109580751 0.11737757330444214 0.19415481454130679 0.27345970700518824 0.10221169419098775 
0.3884325692982371 0.07563312601289275 0.09753593515122982 0.3740588750245139 0.06433949451312647 
0.24397199497781563 0.19380347521991947 0.2336012504842266 0.21428571413911177 0.11433756517892645 
0.2491544615252344 0.043291999513349416 0.3262683034702734 0.23246900468536338 0.14881623080577955 
0.20705473291882082 0.09585574463730105 0.33328060641236706 0.14315089854476432 0.22065801748674674 
0.18243883473994593 0.14318225232789966 0.21202352634867017 0.18243883473994593 0.27991655184353825 
0.292879455197333 0.098667975256159 0.23778984717981436 0.2238118772810756 0.1468508450856179 
0.2544868894854389 0.055913490467448035 0.20386561925964147 0.24850437124299146 0.23722962954448024 
0.37030371582081434 0.11023621768927104 0.1545556897508603 0.3097862694658292 0.05511810727322512 
0.30011890123321067 0.07752675168003999 0.17954815946470468 0.28204518538240836 0.16076100223963632 
0.2805234109864146 0.14080241529225196 0.2245052554541116 0.22537038976284296 0.12879852850437895 
0.28228571818312825 0.09352381261713517 0.22057143181643524 0.24799999092022573 0.15561904646307567 
0.24009574772497047 0.16074206744654496 0.24751645835092848 0.2033512920757015 0.1482944344018547 
0.29706529133897686 0.09243362212803358 0.3459772267430919 0.14054701712914222 0.12397684266075534 
0.276526281382543 0.15202959597125984 0.23354010475040882 0.22428991024418762 0.11361410765160089 
0.282513007455225 0.06702681218856872 0.21808722931511978 0.2587034911214467 0.17366945991963972 
0.29468055025649953 0.11877286724647898 0.20799325292681758 0.2579510208099377 0.12060230876026613 
0.3494882500650241 0.0734497337742661 0.13847080579660528 0.3329319736544531 0.1056592367096516 
0.24288147646618138 0.18544657638273576 0.23813580651962613 0.21075687895649423 0.12277926167496245 
0.24845715412276154 0.05028571520021985 0.3181714291984694 0.23885714129379815 0.14422856018475103 
0.21221273434188853 0.11477347853576794 0.3139855492242754 0.15285619760079724 0.20617204029727088 
0.15271967095934233 0.15543933859670772 0.23995815039317592 0.1541840997058678 0.2976987403449061 
0.32657800151617 0.08296390213116396 0.1918936082680807 0.27316866469833173 0.12539582338625369 
0.17895473181414748 0.08982734687207661 0.2580494562098608 0.1761549266837713 0.2970135384201439 
0.2857337025787239 0.14470108001951854 0.1869565293792985 0.258016295723289 0.12459239229916996 
0.2785242130398726 0.13414373561409118 0.1399018952487647 0.280230337237907 0.16719981885936464 
0.300859218251814 0.10693986183095593 0.22908129376875142 0.24600132347454212 0.1171183026739366 
0.3006034671948436 0.0795826056100768 0.25194869074808524 0.25194872072276264 0.11591651572423164 
0.26191109628122633 0.1135214204046929 0.2870641456601109 0.19523556603629028 0.1422677716176796 
0.30276278664170075 0.08321073054290702 0.3231976411134497 0.20418506083061827 0.08664378087132435 
0.26011143362690425 0.15146511909053736 0.22957078149773869 0.22647544812513012 0.1323772176596896 
0.3167981978650008 0.060074087506800655 0.256401999195775 0.24174584208335623 0.12497987334906743 
0.3043031180597982 0.11132325375303821 0.2032603854610272 0.2678807495118825 0.11323249321425397 
0.3021126910523064 0.06502347264185188 0.17347417176780802 0.3016431855496337 0.1577464789884 
0.2549999962323226 0.15384616136837462 0.25025641408836485 0.27025640104746085 0.07064102726347712 
0.25985821304800616 0.02791315923529849 0.31878599945570607 0.23571112272942532 0.15773150553156381 
0.23999999553802306 0.0849438222233296 0.22157303869084663 0.2395505631198758 0.21393258042792496 
0.25580751849296635 0.08158186081034234 0.1933075306785859 0.2522123825119904 0.21709070750611503 
0.27762398516839565 0.14959631614242141 0.19780854002780895 0.25074970153746057 0.12422145712391332 
0.29761336694026214 0.14248210614300072 0.11789975629437353 0.31575178602715953 0.12625298459520407 
0.258026414892757 0.14485129452766748 0.21904862547772386 0.23461828280369829 0.14345538229815338 
0.30507785388150965 0.08368314094551571 0.2224780022749072 0.2683818603196901 0.1203791425783773 
0.222901246211822 0.16757799963599732 0.2396268964343904 0.19470355176484483 0.17519030595294532 
0.21988988424903763 0.05557467281723523 0.38695801084711623 0.12164487781081447 0.21593255427579647 
0.2548891798345415 0.14439373823466944 0.2384832674333506 0.22338114507064885 0.13885266942678973 
0.32620940643730595 0.07223326226141236 0.1973161014247347 0.31842280424261754 0.08581842563392954 
0.30820584002911494 0.10333797645824776 0.22030598283688882 0.2588317063478238 0.10931849432792472 
0.340948174226373 0.06632276954398326 0.1613853983638271 0.33112258799085004 0.1002210698749665 
0.1668107216247453 0.25050417900458644 0.10731778080012215 0.16825122733597142 0.3071160912345747 
0.14528518303256574 0.23059322481282493 0.18941002819852895 0.21294329453917 0.22176826941691039 
0.2780638694529551 0.040937177350991054 0.3050978295087189 0.2716271816044185 0.10427394208291647 
0.1987129288448074 0.1050070721569162 0.33103121956826964 0.13404489132323089 0.2312038881067758 
0.08956601735110918 0.06432748208784438 0.38104033028083917 0.10710988019360229 0.3579562900866051 
0.23344412907059003 0.09307082654177788 0.20889798880169325 0.23114292651534887 0.23344412907059003 
0.2719441676774033 0.1517827974658534 0.20074147375377627 0.24686511098226377 0.1286664501207033 
0.33805258248669456 0.12366367946897917 0.1022825838017 0.33891939006238786 0.09708176418023838 
0.28603014017827577 0.09567839421941264 0.21045226777001128 0.24703516542830287 0.16080403240399743 
0.27534063440317713 0.14007976047907758 0.2635427181933335 0.2188434743301129 0.10219341259429872 
0.29066338593500957 0.16216215735681228 0.2953317037108942 0.1314496267378923 0.12039312625939168 
0.2628013662602068 0.17267509337393228 0.22456945578926218 0.20688863804120214 0.1330654465353966 
0.3619838567164387 0.0868491885107419 0.16113104968514544 0.320466786778925 0.06956911830874912 
0.26342098741468184 0.16507281810781396 0.1897413553095274 0.26678983520756594 0.1149750039604108 
0.4014392022417284 0.08815214887154094 0.15625803070499877 0.30043691793531246 0.05371370024641935 
0.24336539957606673 0.20848302640636693 0.20500636740730777 0.2094101345517854 0.13373507205847318 
0.25561678308818314 0.0788469677242786 0.2676981821630199 0.25307333996023756 0.14476472706428078 
0.23441341150445413 0.08715083632412518 0.21162011636594139 0.23553072884893234 0.23128490695654708 
0.1957812558831347 0.19687500111549525 0.23593750114164322 0.1425000026437192 0.22890623921600764 
0.22794364362571196 0.11003018851865105 0.2234149702268392 0.2262663557005851 0.21234484192821282 
0.3005921705245433 0.11135427172439057 0.19297116356154312 0.2709835166121865 0.12409887757733642 
0.34169852828198105 0.06514874346710228 0.2052517831629937 0.32025926246847797 0.06764168261944498 
0.25781165623812924 0.09900139807000866 0.26930095889852707 0.20551917514152196 0.16836681165181314 
0.3010164299093513 0.08522282530042077 0.2323690295067308 0.27584050937164273 0.10555120591185435 
0.21925031730535333 0.15453935318176246 0.2580768889224881 0.18579234646229514 0.18234109412810096 
0.27780734814647967 0.05286499873699556 0.32676956680474567 0.20879899913588412 0.133759087175895 
0.28026534556376514 0.1257600877288785 0.24405750030804077 0.21268656050936388 0.13723050588995167 
0.27858293914084187 0.05665349426991176 0.2538427616108579 0.2570633844916561 0.15385742048673243 
0.2748883669406159 0.09141055700970775 0.2450748663775271 0.23561859829521362 0.15300761137693558 
0.3291242966630164 0.06231551804539724 0.20777304619815176 0.31616922944055526 0.08461790965287935 
0.26835948048259484 0.12596464969901433 0.277943735383867 0.22591485947082016 0.10181727496370366 
0.2631827981200977 0.044218489672636294 0.2865925823010878 0.2572712125406917 0.14873491736548644 
0.1775184181045595 0.23141892145915055 0.13528870031403917 0.19394962135109894 0.2618243387711518 
0.16088923104499245 0.15159506858230848 0.2506907793189717 0.15385582294264766 0.2829690981110797 
0.23245943084348647 0.09862671689862113 0.20549312840582792 0.23745318393969372 0.2259675399123706 
0.2758789146032072 0.09790038753208513 0.18261718684119366 0.26147461370781194 0.1821288973157021 
0.29748481224767853 0.1412464380614135 0.2004708272139958 0.25089827680688814 0.10989964567002407 
0.3224995828454386 0.15195174813722095 0.21377114884340076 0.16853744636779103 0.14324007380614867 
0.2513629332423744 0.2075545173609748 0.20502336248338238 0.1625778922202851 0.17348129469298335 
0.28412200887043293 0.17090340663559275 0.2678920628388074 0.151349237096839 0.12573328455832783 
0.2685268453571812 0.15381538688416718 0.21922193405277735 0.22642263318528424 0.13201320052058998 
0.30724991467860685 0.059602652525801124 0.18943883196945258 0.3016730473826854 0.14203555344345403 
0.33605828865224596 0.11569220166155858 0.18055802685072547 0.29340678657758196 0.07428469625788803 
0.3612466059207177 0.13387533321173054 0.10867209038737576 0.3401084079932984 0.05609756248687748 
0.27631243730371113 0.14455998541999926 0.26375854675222865 0.23269086025751165 0.08267817026654921 
0.24837838054501302 0.10945946551118559 0.2925675580382631 0.1632432432620194 0.18635135264351899 
0.2289313492940468 0.11576890009579505 0.2089487494302337 0.21198957027530707 0.2343614309046173 
0.24770010013866037 0.10441582590184491 0.2168813184808029 0.21849126076960257 0.2125114947090893 
0.3281345551855912 0.13073394708855623 0.19342507194738345 0.2704893005962032 0.07721712518226585 
0.29082567887775 0.1634862380089515 0.1451376205427588 0.2574311974953383 0.1431192650752014 
0.2895336189794013 0.12684330530169816 0.23858051464971777 0.22071694287406127 0.12432561819512154 
0.2883188012090529 0.12536302261833965 0.1531139081232638 0.24459503477127265 0.18860923327807091 
0.26264726081465806 0.09032108861501278 0.20258720234905742 0.24555324332714484 0.19889120489412693 
0.32331450207482393 0.11640650846528605 0.25838592106252695 0.20757223863779137 0.09432082975957175 
0.2934847681046194 0.0738792580278577 0.21793185770412393 0.24997011347971748 0.1647340026836816 
0.29057240273701673 0.12334455525220152 0.21234567520271233 0.25252523962532264 0.1212121271827468 
0.20707070564332253 0.14227994789383663 0.24949495326479215 0.18860028373996718 0.21255410945808145 
0.17978476945636998 0.06414855646769178 0.3293943914260027 0.1557290565311753 0.27094322611876015 
0.27669080498525345 0.1471267812589978 0.27268525532831095 0.19981513836639012 0.10368202006104776 
0.25794420580986266 0.10696703463407342 0.22765924811806587 0.2398925792047994 0.16753693223319868 
0.24934633856269148 0.0884240544033411 0.2048966030607503 0.2362728736099145 0.22106013036330266 
0.2496742239213263 0.09460516169073517 0.20067761955438893 0.2496742239213263 0.2053687709122233 
0.3000423249926454 0.13006066147863402 0.19255183233119583 0.26957257109675686 0.10777261010076795 
0.3167475772440674 0.14053397657031633 0.11747573280295438 0.31165048340398704 0.11359222997867484 
0.30412500183346863 0.1320000029080548 0.21512498427396334 0.24850000948522952 0.10025000149928386 
0.30253823475226316 0.16254138766162537 0.18161752369805434 0.2156708230188044 0.1376320308692527 
0.2468456872344577 0.18974441826522262 0.2190229679659366 0.18683273811754847 0.1575541884168345 
0.2876975690766752 0.15356685125268577 0.2917556498525342 0.1332763709898221 0.13370355882828264 
0.2699019588129874 0.13647058894834135 0.23725490467365076 0.22284313234888897 0.13352941521613157 
0.32994045679506623 0.07931630598224176 0.17073171083319358 0.3178413663327632 0.10217016005673529 
0.32311248217144917 0.1204930597792543 0.19661017457633118 0.27195685571878514 0.08782742775418026 
0.3466804305802201 0.14879876240982828 0.11392405439098292 0.3306639183108059 0.059932834308162854 
0.2788310812063946 0.14682822704290072 0.2564504584360079 0.21625089284546592 0.10163934046923098 
0.23456420997536 0.12184183915824136 0.278217959742162 0.17984750323873622 0.1855284878855006 
0.22884210739253794 0.12084210678315886 0.20905263785283146 0.20673684058757372 0.23452630738389801 
0.23703703907944362 0.10848268007252937 0.2083632025565511 0.22413380837140756 0.2219832699200682 
